-2.187000000000000000e+03 3.429748769941851947e+02 1
-2.110000000000000000e+03 3.424727896227821589e+02 1
-2.016000000000000000e+03 3.419170269867302636e+02 1
-1.900000000000000000e+03 3.413265990755926396e+02 1
-1.778000000000000000e+03 3.406992694200089318e+02 1
-1.651000000000000227e+03 3.400719397644252240e+02 1
-1.502000000000000000e+03 3.393730430893097036e+02 1
-1.347000000000000000e+03 3.387278216788429859e+02 1
-1.187000000000000000e+03 3.380468167586104187e+02 1
-9.770000000000000000e+02 3.373121365737289352e+02 1
-7.510000000000000000e+02 3.366848069181452274e+02 1
-5.190000000000000000e+02 3.359143432234978377e+02 1
-2.650000000000000000e+02 3.353049053227970830e+02 1
-2.100000000000000000e+01 3.346596839123304221e+02 1
2.000000000000000000e+02 3.340144625018637043e+02 1
4.099999999999999432e+02 3.334586998658118091e+02 1
5.920000000000000000e+02 3.329029372297599707e+02 1
7.960000000000000000e+02 3.324019680930371123e+02 1
9.949999999999998863e+02 3.319893394960488990e+02 1
1.161000000000000000e+03 3.315599373788579101e+02 1
1.327000000000000000e+03 3.311473087818696968e+02 1
1.514000000000000000e+03 3.308610407037423329e+02 1
1.597000000000000000e+03 3.305736543909348484e+02 1
1.702000000000000000e+03 3.303589533323393539e+02 1
1.807000000000000000e+03 3.302516028030415782e+02 1
1.879000000000000000e+03 3.300894587744147657e+02 1
1.923000000000000000e+03 3.301252422841807288e+02 1
1.973000000000000000e+03 3.300178917548829531e+02 1
1.989999999999999773e+03 3.301442522737438594e+02 1
1.968000000000000000e+03 3.301621440286268125e+02 1
1.934000000000000000e+03 3.303231698225734476e+02 1
1.873999999999999773e+03 3.305736543909348484e+02 1
1.802000000000000000e+03 3.308431489488593797e+02 1
1.723999999999999773e+03 3.311830922916356030e+02 1
1.607999999999999773e+03 3.315599373788579101e+02 1
1.492000000000000000e+03 3.319893394960488990e+02 1
1.365000000000000000e+03 3.324735351125689817e+02 1
1.211000000000000000e+03 3.330292977486208201e+02 1
1.050000000000000000e+03 3.336018339048754910e+02 1
8.960000000000001137e+02 3.341933800506932926e+02 1
7.190000000000000000e+02 3.348028179513940472e+02 1
5.420000000000000000e+02 3.355017146265096244e+02 1
3.650000000000000000e+02 3.361290442820933322e+02 1
1.940000000000000000e+02 3.368279409572089094e+02 1
2.800000000000000355e+01 3.375268376323244297e+02 1
-1.149999999999999858e+02 3.382973013269718194e+02 1
-2.760000000000000000e+02 3.390140897569703498e+02 1
-4.470000000000000000e+02 3.396414194125540575e+02 1
-5.960000000000000000e+02 3.403403160876695779e+02 1
-7.400000000000000000e+02 3.410571045176681082e+02 1
-9.000000000000000000e+02 3.416307589086029566e+02 1
-1.077000000000000000e+03 3.421865215446548518e+02 1
-1.259000000000000000e+03 3.427243924258237939e+02 1
-1.447000000000000000e+03 3.432432533174295486e+02 1
-1.602000000000000000e+03 3.436200984046518556e+02 1
-1.734000000000000000e+03 3.440327270016400689e+02 1
-1.867000000000000227e+03 3.443189950797674328e+02 1
-1.982999999999999773e+03 3.445336961383629273e+02 1
-2.071000000000000000e+03 3.446768301774265524e+02 1
-2.143000000000000000e+03 3.447495154316385992e+02 1
-2.193000000000000000e+03 3.447495154316385992e+02 1
-2.248000000000000000e+03 3.447495154316385992e+02 1
-2.309000000000000000e+03 3.446768301774265524e+02 1
-2.336000000000000000e+03 3.445515878932458804e+02 1
-2.325000000000000000e+03 3.442474280602355634e+02 1
-2.303000000000000000e+03 3.439063664827791627e+02 1
-2.265000000000000000e+03 3.435485313851200431e+02 1
-2.198000000000000000e+03 3.431180110332488198e+02 1
-2.121000000000000000e+03 3.426159236618458408e+02 2
-2.038000000000000000e+03 3.420612792604741230e+02 2
-1.928000000000000000e+03 3.415055166244222278e+02 2
-1.805999999999999773e+03 3.409139704786044263e+02 2
-1.679000000000000000e+03 3.402150738034889059e+02 2
-1.535000000000000000e+03 3.395698523930221882e+02 2
-1.381000000000000000e+03 3.388709557179066678e+02 2
-1.231000000000000000e+03 3.381720590427910906e+02 2
-1.049000000000000000e+03 3.375447293872073828e+02 2
-8.110000000000000000e+02 3.368279409572089094e+02 2
-5.790000000000000000e+02 3.361290442820933322e+02 2
-3.360000000000000000e+02 3.355017146265096244e+02 2
-8.800000000000000000e+01 3.348743849709259166e+02 2
1.390000000000000000e+02 3.342291635604591988e+02 2
3.430000000000000000e+02 3.336018339048754910e+02 2
5.370000000000000000e+02 3.330471895035038301e+02 2
7.350000000000000000e+02 3.325451021321007943e+02 2
9.230000000000000000e+02 3.321503652899955341e+02 2
1.106000000000000000e+03 3.316315043983897226e+02 2
1.260000000000000000e+03 3.312725510660503687e+02 2
1.448000000000000000e+03 3.310936335172208373e+02 2
1.669000000000000227e+03 3.304305203518711664e+02 2
1.763000000000000000e+03 3.302337110481586251e+02 2
1.852000000000000000e+03 3.301442522737438594e+02 2
1.918000000000000000e+03 3.300715670195318125e+02 2
1.951000000000000227e+03 3.300178917548829531e+02 2
1.968000000000000000e+03 3.300000000000000000e+02 2
1.962000000000000000e+03 3.301621440286268125e+02 2
1.923000000000000000e+03 3.304663038616370727e+02 2
1.885000000000000227e+03 3.304663038616370727e+02 2
1.813000000000000000e+03 3.307883554495303429e+02 2
1.723999999999999773e+03 3.310578500074548742e+02 2
1.630999999999999773e+03 3.314156851051140507e+02 2
1.382000000000000000e+03 3.323304010735052998e+02 2
1.244000000000000000e+03 3.328492619651110545e+02 2
1.095000000000000000e+03 3.333871328462799966e+02 2
9.180000000000000000e+02 3.340323542567466575e+02 2
7.470000000000000000e+02 3.345881168927985527e+02 2
5.810000000000000000e+02 3.352870135679141299e+02 2
4.040000000000000000e+02 3.359680184881466971e+02 2
2.220000000000000284e+02 3.367026986730281806e+02 2
6.700000000000000000e+01 3.373300283286118884e+02 2
-8.800000000000000000e+01 3.380289250037274655e+02 2
-2.529999999999999716e+02 3.387278216788429859e+02 2
-4.080000000000000000e+02 3.394446101088415162e+02 2
-5.630000000000000000e+02 3.401435067839570365e+02 2
-7.180000000000000000e+02 3.407887281944237543e+02 2
-8.560000000000000000e+02 3.414876248695392746e+02 2
-1.027000000000000000e+03 3.420433875055911699e+02 2
-1.220000000000000000e+03 3.425443566423140282e+02 2
-1.403000000000000000e+03 3.431180110332488198e+02 2
-1.568000000000000000e+03 3.435127478753540800e+02 2
-1.723000000000000000e+03 3.438884747278962095e+02 2
-1.845000000000000000e+03 3.441758610407037509e+02 2
-1.961000000000000000e+03 3.444621291188310579e+02 2
-2.066000000000000000e+03 3.446052631578947398e+02 2
-2.143000000000000000e+03 3.447495154316385992e+02 2
-2.198000000000000000e+03 3.450000000000000000e+02 2
-2.320000000000000000e+03 3.447495154316385992e+02 2
-2.353000000000000000e+03 3.446052631578947398e+02 2
-2.358000000000000000e+03 3.443189950797674328e+02 2
-2.347000000000000000e+03 3.440506187565230221e+02 2
-2.309000000000000000e+03 3.436916654241836682e+02 2
-2.253000000000000000e+03 3.433148203369613611e+02 2
-2.187000000000000000e+03 3.428138512002385596e+02 2
-2.099000000000000000e+03 3.422580885641866644e+02 2
-1.988000000000000000e+03 3.417023259281347691e+02 2
-1.882999999999999773e+03 3.410571045176681082e+02 2
-1.751000000000000227e+03 3.404834501267332598e+02 2
-1.607000000000000000e+03 3.398382287162665989e+02 3
-1.463000000000000000e+03 3.391035485313851154e+02 3
-1.314000000000000000e+03 3.386741464141941265e+02 3
-1.126000000000000000e+03 3.377236469360369711e+02 3
-9.279999999999998863e+02 3.370426420158044039e+02 3
-6.900000000000000000e+02 3.363795288504547329e+02 3
-4.410000000000000000e+02 3.357175339197852963e+02 3
-1.980000000000000000e+02 3.350007454897867660e+02 3
3.400000000000000000e+01 3.344449828537349276e+02 3
2.549999999999999716e+02 3.337997614432682099e+02 3
4.540000000000000000e+02 3.332618905620993246e+02 3
6.470000000000000000e+02 3.327598031906962888e+02 3
8.510000000000000000e+02 3.321861487997614404e+02 3
1.028000000000000000e+03 3.317746384374534045e+02 3
1.194000000000000000e+03 3.314335768599970038e+02 3
1.360000000000000000e+03 3.310578500074548742e+02 3
1.509000000000000000e+03 3.307346801848814835e+02 3
1.619000000000000227e+03 3.305020873714030358e+02 3
1.735000000000000227e+03 3.303052780676904945e+02 3
1.818000000000000000e+03 3.301442522737438594e+02 3
1.879000000000000000e+03 3.300715670195318125e+02 3
1.968000000000000000e+03 3.300000000000000000e+02 3
1.962000000000000000e+03 3.302694945579245314e+02 3
1.934000000000000000e+03 3.302158192932756720e+02 3
1.889999999999999773e+03 3.303768450872223070e+02 3
1.835000000000000227e+03 3.306810049202325672e+02 3
1.752000000000000000e+03 3.310041747428060148e+02 3
1.653000000000000000e+03 3.314335768599970038e+02 3
1.542000000000000000e+03 3.320251230058148053e+02 3
1.421000000000000000e+03 3.322767258088564404e+02 3
1.271000000000000000e+03 3.326882361711644762e+02 3
1.122000000000000000e+03 3.332439988072163146e+02 3
9.680000000000000000e+02 3.338176531981511630e+02 3
7.910000000000000000e+02 3.344449828537349276e+02 3
6.300000000000000000e+02 3.351080960190845417e+02 3
4.540000000000000000e+02 3.357712091844341558e+02 3
2.770000000000000000e+02 3.364164305949008735e+02 3
1.060000000000000000e+02 3.371153272700163939e+02 3
-3.800000000000000000e+01 3.378142239451319710e+02 3
-1.980000000000000000e+02 3.385310123751304445e+02 3
-3.700000000000000000e+02 3.393014760697778343e+02 3
-5.190000000000000000e+02 3.399288057253615420e+02 3
-6.680000000000000000e+02 3.406277024004771192e+02 3
-8.279999999999998863e+02 3.412729238109437802e+02 3
-9.720000000000001137e+02 3.418454599671984511e+02 3
-1.165000000000000000e+03 3.423833308483673932e+02 3
-1.358000000000000000e+03 3.429748769941851947e+02 3
-1.524000000000000000e+03 3.434053973460563611e+02 3
-1.673000000000000000e+03 3.437632324437155376e+02 3
-1.817000000000000227e+03 3.441221857760548914e+02 3
-1.932999999999999773e+03 3.443905620992992453e+02 3
-2.044000000000000227e+03 3.446052631578947398e+02 3
-2.132000000000000000e+03 3.447495154316385992e+02 3
-2.187000000000000000e+03 3.448389742060533649e+02 3
-2.303000000000000000e+03 3.447495154316385992e+02 3
-2.342000000000000000e+03 3.446052631578947398e+02 3
-2.358000000000000000e+03 3.444621291188310579e+02 3
-2.358000000000000000e+03 3.441758610407037509e+02 3
-2.320000000000000000e+03 3.438347994632473501e+02 3
-2.265000000000000000e+03 3.435485313851200431e+02 3
-2.204000000000000000e+03 3.429748769941851947e+02 3
-2.110000000000000000e+03 3.424727896227821589e+02 3
-2.010000000000000227e+03 3.418991352318473105e+02 3
-1.911000000000000000e+03 3.412729238109437802e+02 3
-1.778000000000000000e+03 3.406277024004771192e+02 3
-1.646000000000000000e+03 3.400540480095422708e+02 3
-1.502000000000000000e+03 3.393372595795437405e+02 3
-1.342000000000000000e+03 3.386562546593111733e+02 3
-1.182000000000000000e+03 3.379573579841955961e+02 4
-9.830000000000000000e+02 3.372584613090800758e+02 4
-7.510000000000000000e+02 3.365595646339644986e+02 4
-5.080000000000000000e+02 3.358606679588489783e+02 4
-2.650000000000000000e+02 3.352333383032652705e+02 4
-1.600000000000000000e+01 3.345881168927985527e+02 4
2.000000000000000000e+02 3.339965707469807512e+02 4
3.980000000000000000e+02 3.334229163560459028e+02 4
5.970000000000000000e+02 3.329029372297599707e+02 4
7.910000000000000000e+02 3.324556433576859718e+02 4
9.840000000000000000e+02 3.319177724765170865e+02 4
1.155000000000000000e+03 3.315230356344118263e+02 4
1.316000000000000000e+03 3.311294170269867436e+02 4
1.459000000000000000e+03 3.308610407037423329e+02 4
1.592000000000000000e+03 3.305736543909348484e+02 4
1.691000000000000000e+03 3.303589533323393539e+02 4
1.791000000000000000e+03 3.301800357835097657e+02 4
1.863000000000000000e+03 3.300715670195318125e+02 4
1.951000000000000227e+03 3.300178917548829531e+02 4
1.973000000000000000e+03 3.301252422841807288e+02 4
1.951000000000000227e+03 3.301621440286268125e+02 4
1.912000000000000000e+03 3.303589533323393539e+02 4
1.852000000000000000e+03 3.305736543909348484e+02 4
1.785000000000000227e+03 3.308610407037423329e+02 4
1.691000000000000000e+03 3.312009840465185562e+02 4
1.581000000000000000e+03 3.315599373788579101e+02 4
1.470000000000000000e+03 3.320609065155807116e+02 4
1.332000000000000000e+03 3.325451021321007943e+02 4
1.177000000000000000e+03 3.330471895035038301e+02 4
1.034000000000000000e+03 3.336387356493216316e+02 4
8.630000000000001137e+02 3.342291635604591988e+02 4
6.910000000000000000e+02 3.348564932160429635e+02 4
5.200000000000000000e+02 3.355732816460414369e+02 4
3.430000000000000000e+02 3.362006113016251447e+02 4
1.660000000000000000e+02 3.368995079767407219e+02 4
1.700000000000000000e+01 3.375984046518562991e+02 4
